-0.000000000000000000e+00 -5.812640000000000516e-10
-5.000000000000000278e-02 4.804952045128616820e-07
-1.000000000000000056e-01 8.096519949100829904e-07
-1.499999999999999944e-01 1.003769069175623764e-06
-2.000000000000000111e-01 1.079726389293444531e-06
-2.500000000000000000e-01 1.054403917247504020e-06
-2.999999999999999889e-01 9.446816150217632887e-07
-3.499999999999999778e-01 7.674394446001830783e-07
-4.000000000000000222e-01 5.395573679667221171e-07
-4.500000000000000111e-01 2.779153471053416219e-07
-5.000000000000000000e-01 -6.066559999992747887e-10
-5.500000000000000444e-01 -2.791286793653403031e-07
-5.999999999999999778e-01 -5.407707610067213110e-07
-6.500000000000000222e-01 -7.686529389401823326e-07
-6.999999999999999556e-01 -9.458952511817624158e-07
-7.500000000000000000e-01 -1.055617735747502938e-06
-8.000000000000000444e-01 -1.080940430653442735e-06
-8.499999999999999778e-01 -1.004983373915623395e-06
-9.000000000000000222e-01 -8.108666035500821682e-07
-9.499999999999999556e-01 -4.817101575728611711e-07
-1.000000000000000000e+00 -6.340739999993462135e-10
-1.050000000000000044e+00 6.313156906865035282e-07
-1.100000000000000089e+00 1.341389506140808458e-06
-1.149999999999999911e+00 2.038911823551108309e-06
-1.199999999999999956e+00 2.633207094105609496e-06
-1.250000000000000000e+00 3.033599768992513038e-06
-1.300000000000000044e+00 3.149414299400013599e-06
-1.350000000000000089e+00 2.889975136516313042e-06
-1.399999999999999911e+00 2.164606731529613655e-06
-1.449999999999999956e+00 8.826335356281107389e-07
-1.500000000000000000e+00 -1.046619999999998290e-06
-1.550000000000000044e+00 -3.735192129386668818e-06
-1.600000000000000089e+00 -7.380571927444505555e-06
-1.649999999999999911e+00 -1.220161117430623658e-05
-1.699999999999999956e+00 -1.841716165010467214e-05
-1.750000000000000000e+00 -2.624607513497253947e-05
-1.800000000000000044e+00 -3.590720340904262085e-05
-1.850000000000000089e+00 -4.761939825244764776e-05
-1.899999999999999911e+00 -6.160151144532033472e-05
-1.949999999999999956e+00 -7.807239476779354872e-05
-2.000000000000000000e+00 -9.725090000000001446e-05
-2.049999999999999822e+00 -1.193116853730857824e-04
-2.100000000000000089e+00 -1.442526349222509382e-04
-2.149999999999999911e+00 -1.720274391337081544e-04
-2.200000000000000178e+00 -2.025897884936711068e-04
-2.250000000000000000e+00 -2.358933734883524003e-04
-2.299999999999999822e+00 -2.718918846039655615e-04
-2.350000000000000089e+00 -3.105390123267238729e-04
-2.399999999999999911e+00 -3.517884471428401835e-04
-2.450000000000000178e+00 -3.955938795385279655e-04
-2.500000000000000000e+00 -4.419089999999999325e-04
-2.549999999999999822e+00 -4.906924140582698051e-04
-2.600000000000000089e+00 -5.419223874235523522e-04
-2.649999999999999911e+00 -5.955821008508610731e-04
-2.700000000000000178e+00 -6.516547350952119066e-04
-2.750000000000000000e+00 -7.101234709116178642e-04
-2.799999999999999822e+00 -7.709714890550947762e-04
-2.850000000000000089e+00 -8.341819702806571720e-04
-2.899999999999999911e+00 -8.997380953433187136e-04
-2.950000000000000178e+00 -9.676230449980950145e-04
-3.000000000000000000e+00 -1.037820000000000062e-03
-3.049999999999999822e+00 -1.110310001493833906e-03
-3.100000000000000089e+00 -1.185065532183540628e-03
-3.149999999999999911e+00 -1.262056935162847015e-03
-3.200000000000000178e+00 -1.341254553525483102e-03
-3.250000000000000000e+00 -1.422628730365175674e-03
-3.299999999999999822e+00 -1.506149808775654551e-03
-3.350000000000000089e+00 -1.591788131850648685e-03
-3.399999999999999911e+00 -1.679514042683884645e-03
-3.450000000000000178e+00 -1.769297884369092468e-03
-3.500000000000000000e+00 -1.861109999999999804e-03
-3.549999999999999822e+00 -1.954899880966392677e-03
-3.600000000000000089e+00 -2.050533611842286254e-03
-3.649999999999999911e+00 -2.147856425497750386e-03
-3.700000000000000178e+00 -2.246713554802858177e-03
-3.750000000000000000e+00 -2.346950232627679264e-03
-3.799999999999999822e+00 -2.448411691842286315e-03
-3.850000000000000089e+00 -2.550943165316750267e-03
-3.899999999999999911e+00 -2.654389885921142923e-03
-3.950000000000000178e+00 -2.758597086525535654e-03
-4.000000000000000000e+00 -2.863409999999999393e-03
-4.049999999999999822e+00 -2.968685194640592259e-03
-4.099999999999999645e+00 -3.074324580447313285e-03
-4.150000000000000355e+00 -3.180241402846150853e-03
-4.200000000000000178e+00 -3.286348907263085106e-03
-4.250000000000000000e+00 -3.392560339124107028e-03
-4.299999999999999822e+00 -3.498788943855199365e-03
-4.349999999999999645e+00 -3.604947966882349197e-03
-4.400000000000000355e+00 -3.710950653631543607e-03
-4.450000000000000178e+00 -3.816710249528764906e-03
-4.500000000000000000e+00 -3.922140000000000175e-03
-4.549999999999999822e+00 -4.027153150471235628e-03
-4.599999999999999645e+00 -4.131662946368457046e-03
-4.650000000000000355e+00 -4.235582633117651076e-03
-4.700000000000000178e+00 -4.338825456144800898e-03
-4.750000000000000000e+00 -4.441304660875893158e-03
-4.799999999999999822e+00 -4.542933492736915373e-03
-4.849999999999999645e+00 -4.643625197153849853e-03
-4.900000000000000355e+00 -4.743293019552688450e-03
-4.950000000000000178e+00 -4.841850205359408271e-03
-5.000000000000000000e+00 -4.939210000000000302e-03
