-0.000000000000000000e+00 -7.203819999969081692e-10
-5.000000000000000278e-02 2.242998535176537588e-06
-1.000000000000000056e-01 4.074179122838434043e-06
-1.499999999999999944e-01 5.522214290234180256e-06
-2.000000000000000111e-01 6.616496946612223371e-06
-2.500000000000000000e-01 7.386420001221027470e-06
-2.999999999999999889e-01 7.861376363309063414e-06
-3.499999999999999778e-01 8.070758942124786815e-06
-4.000000000000000222e-01 8.043960646916670226e-06
-4.500000000000000111e-01 7.810374386933165874e-06
-5.000000000000000000e-01 7.399393071422745464e-06
-5.500000000000000444e-01 6.840409609633868845e-06
-5.999999999999999778e-01 6.162816910815004334e-06
-6.500000000000000222e-01 5.396007884214608393e-06
-6.999999999999999556e-01 4.569375439081150187e-06
-7.500000000000000000e-01 3.712312484663089563e-06
-8.000000000000000444e-01 2.854211930208891877e-06
-8.499999999999999778e-01 2.024466684967021633e-06
-9.000000000000000222e-01 1.252469658185939529e-06
-9.499999999999999556e-01 5.676137591141120824e-07
-1.000000000000000000e+00 -7.081029999999999897e-10
-1.050000000000000044e+00 -7.261415478790840017e-07
-1.100000000000000089e+00 -1.901041022124802506e-06
-1.149999999999999911e+00 -3.524076856807103568e-06
-1.199999999999999956e+00 -5.593919382995970278e-06
-1.250000000000000000e+00 -8.109238931761333634e-06
-1.300000000000000044e+00 -1.106870583417319303e-05
-1.350000000000000089e+00 -1.447099042130149789e-05
-1.399999999999999911e+00 -1.831476302421619593e-05
-1.449999999999999956e+00 -2.259869397398729080e-05
-1.500000000000000000e+00 -2.732145360168472512e-05
-1.550000000000000044e+00 -3.248171223837846696e-05
-1.600000000000000089e+00 -3.807814021513847421e-05
-1.649999999999999911e+00 -4.410940786303469460e-05
-1.699999999999999956e+00 -5.057418551313714022e-05
-1.750000000000000000e+00 -5.747114349651575541e-05
-1.800000000000000044e+00 -6.479895214424048451e-05
-1.850000000000000089e+00 -7.255628178738132608e-05
-1.899999999999999911e+00 -8.074180275700818378e-05
-1.949999999999999956e+00 -8.935418538419109683e-05
-2.000000000000000000e+00 -9.839209999999999601e-05
-2.049999999999999822e+00 -1.095071944226029428e-04
-2.100000000000000089e+00 -1.243712873045818644e-04
-2.149999999999999911e+00 -1.430133052286260056e-04
-2.200000000000000178e+00 -1.654621747774259668e-04
-2.250000000000000000e+00 -1.917468225336715351e-04
-2.299999999999999822e+00 -2.218961750800523079e-04
-2.350000000000000089e+00 -2.559391589992589125e-04
-2.399999999999999911e+00 -2.939047008739808652e-04
-2.450000000000000178e+00 -3.358217272869084679e-04
-2.500000000000000000e+00 -3.817191648207311555e-04
-2.549999999999999822e+00 -4.316259400581391758e-04
-2.600000000000000089e+00 -4.855709795818229394e-04
-2.649999999999999911e+00 -5.435832099744716643e-04
-2.700000000000000178e+00 -6.056915578187760862e-04
-2.750000000000000000e+00 -6.719249496974251520e-04
-2.799999999999999822e+00 -7.423123121931096517e-04
-2.850000000000000089e+00 -8.168825718885198333e-04
-2.899999999999999911e+00 -8.956646553663446435e-04
-2.950000000000000178e+00 -9.786874892092750893e-04
-3.000000000000000000e+00 -1.065980000000000009e-03
-3.049999999999999822e+00 -1.155589938578223657e-03
-3.100000000000000089e+00 -1.245545072091545219e-03
-3.149999999999999911e+00 -1.335844351584495769e-03
-3.200000000000000178e+00 -1.426486728101609416e-03
-3.250000000000000000e+00 -1.517471152687417018e-03
-3.299999999999999822e+00 -1.608796576386451599e-03
-3.350000000000000089e+00 -1.700461950243247053e-03
-3.399999999999999911e+00 -1.792466225302333802e-03
-3.450000000000000178e+00 -1.884808352608246173e-03
-3.500000000000000000e+00 -1.977487283205514590e-03
-3.549999999999999822e+00 -2.070501968138673595e-03
-3.600000000000000089e+00 -2.163851358452254479e-03
-3.649999999999999911e+00 -2.257534405190790051e-03
-3.700000000000000178e+00 -2.351550059398813119e-03
-3.750000000000000000e+00 -2.445897272120855191e-03
-3.799999999999999822e+00 -2.540574994401449509e-03
-3.850000000000000089e+00 -2.635582177285129314e-03
-3.899999999999999911e+00 -2.730917771816425248e-03
-3.950000000000000178e+00 -2.826580729039872286e-03
-4.000000000000000000e+00 -2.922570000000000202e-03
-4.049999999999999822e+00 -3.018662963054424050e-03
-4.099999999999999645e+00 -3.114652966646167497e-03
-4.150000000000000355e+00 -3.210562916947882778e-03
-4.200000000000000178e+00 -3.306415720132216494e-03
-4.250000000000000000e+00 -3.402234282371819143e-03
-4.299999999999999822e+00 -3.498041509839341229e-03
-4.349999999999999645e+00 -3.593860308707432383e-03
-4.400000000000000355e+00 -3.689713585148743542e-03
-4.450000000000000178e+00 -3.785624245335921303e-03
-4.500000000000000000e+00 -3.881615195441617469e-03
-4.549999999999999822e+00 -3.977709341638480806e-03
-4.599999999999999645e+00 -4.073929590099160947e-03
-4.650000000000000355e+00 -4.170298846996310996e-03
-4.700000000000000178e+00 -4.266840018502575382e-03
-4.750000000000000000e+00 -4.363576010790606342e-03
-4.799999999999999822e+00 -4.460529730033053510e-03
-4.849999999999999645e+00 -4.557724082402567385e-03
-4.900000000000000355e+00 -4.655181974071798470e-03
-4.950000000000000178e+00 -4.752926311213391194e-03
-5.000000000000000000e+00 -4.850980000000000396e-03
