-0.000000000000000000e+00 -7.203819999999999635e-10
-5.000000000000000278e-02 -1.179344253568923098e-05
-1.000000000000000056e-01 -2.165837110492319415e-05
-1.499999999999999944e-01 -2.970991514732795329e-05
-2.000000000000000111e-01 -3.606248372052958207e-05
-2.500000000000000000e-01 -4.083048588215415243e-05
-2.999999999999999889e-01 -4.412833068982772278e-05
-3.499999999999999778e-01 -4.607042720117633460e-05
-4.000000000000000222e-01 -4.677118447382611744e-05
-4.500000000000000111e-01 -4.634501156540307210e-05
-5.000000000000000000e-01 -4.490631753353330782e-05
-5.500000000000000444e-01 -4.256951143584287284e-05
-5.999999999999999778e-01 -3.944900232995782218e-05
-6.500000000000000222e-01 -3.565919927350427862e-05
-6.999999999999999556e-01 -3.131451132410824296e-05
-7.500000000000000000e-01 -2.652934753939579734e-05
-8.000000000000000444e-01 -2.141811697699302726e-05
-8.499999999999999778e-01 -1.609522869452599452e-05
-9.000000000000000222e-01 -1.067509174962078971e-05
-9.499999999999999556e-01 -5.272115199903390778e-06
-1.000000000000000000e+00 -7.081029999911867938e-10
-1.050000000000000044e+00 5.024720483463476328e-06
-1.100000000000000089e+00 9.689761501860832767e-06
-1.149999999999999911e+00 1.388000589456606246e-05
-1.199999999999999956e+00 1.748104460395307990e-05
-1.250000000000000000e+00 2.037846857239583345e-05
-1.300000000000000044e+00 2.245786874226829013e-05
-1.350000000000000089e+00 2.360483605594431358e-05
-1.399999999999999911e+00 2.370496145579784541e-05
-1.449999999999999956e+00 2.264383588420293902e-05
-1.500000000000000000e+00 2.030705028353334287e-05
-1.550000000000000044e+00 1.658019559616310699e-05
-1.600000000000000089e+00 1.134886276446613230e-05
-1.649999999999999911e+00 4.498642730816360407e-06
-1.699999999999999956e+00 -4.084873562412226451e-06
-1.750000000000000000e+00 -1.451609517284588149e-05
-1.800000000000000044e+00 -2.690943115811036328e-05
-1.850000000000000089e+00 -4.137929057583204361e-05
-1.899999999999999911e+00 -5.804008248363674881e-05
-1.949999999999999956e+00 -7.700621593915077108e-05
-2.000000000000000000e+00 -9.839209999999995535e-05
-2.049999999999999822e+00 -1.222940853041752413e-04
-2.100000000000000089e+00 -1.487362888111270392e-04
-2.149999999999999911e+00 -1.777247690606697833e-04
-2.200000000000000178e+00 -2.092655845926187348e-04
-2.250000000000000000e+00 -2.433647939467884771e-04
-2.299999999999999822e+00 -2.800284556629940814e-04
-2.350000000000000089e+00 -3.192626282810510528e-04
-2.399999999999999911e+00 -3.610733703407732970e-04
-2.450000000000000178e+00 -4.054667403819764275e-04
-2.500000000000000000e+00 -4.524487969444749734e-04
-2.549999999999999822e+00 -5.020255985680838976e-04
-2.600000000000000089e+00 -5.542032037926188136e-04
-2.649999999999999911e+00 -6.089876711578935458e-04
-2.700000000000000178e+00 -6.663850592037238703e-04
-2.750000000000000000e+00 -7.264014264699240452e-04
-2.799999999999999822e+00 -7.890428314963089792e-04
-2.850000000000000089e+00 -8.543153328226948820e-04
-2.899999999999999911e+00 -9.222249889888949276e-04
-2.950000000000000178e+00 -9.927778585347253257e-04
-3.000000000000000000e+00 -1.065980000000000009e-03
-3.049999999999999822e+00 -1.141815830664071182e-03
-3.100000000000000089e+00 -1.220183202764439905e-03
-3.149999999999999911e+00 -1.300958327278141716e-03
-3.200000000000000178e+00 -1.384017415182214970e-03
-3.250000000000000000e+00 -1.469236677453694987e-03
-3.299999999999999822e+00 -1.556492325069619691e-03
-3.350000000000000089e+00 -1.645660569007027221e-03
-3.399999999999999911e+00 -1.736617620242952246e-03
-3.450000000000000178e+00 -1.829239689754435074e-03
-3.500000000000000000e+00 -1.923402988518508423e-03
-3.549999999999999822e+00 -2.018983727512212601e-03
-3.600000000000000089e+00 -2.115858117712583579e-03
-3.649999999999999911e+00 -2.213902370096658412e-03
-3.700000000000000178e+00 -2.312992695641475239e-03
-3.750000000000000000e+00 -2.413005305324068296e-03
-3.799999999999999822e+00 -2.513816410121477024e-03
-3.850000000000000089e+00 -2.615302221010737393e-03
-3.899999999999999911e+00 -2.717338948968886243e-03
-3.950000000000000178e+00 -2.819802804972962144e-03
-4.000000000000000000e+00 -2.922570000000000202e-03
-4.049999999999999822e+00 -3.025516745027038122e-03
-4.099999999999999645e+00 -3.128519251031114043e-03
-4.150000000000000355e+00 -3.231453728989264369e-03
-4.200000000000000178e+00 -3.334196389878524205e-03
-4.250000000000000000e+00 -3.436623444675932990e-03
-4.299999999999999822e+00 -3.538611104358525827e-03
-4.349999999999999645e+00 -3.640035579903341725e-03
-4.400000000000000355e+00 -3.740773082287417953e-03
-4.450000000000000178e+00 -3.840699822487788316e-03
-4.500000000000000000e+00 -3.939692011481491819e-03
-4.549999999999999822e+00 -4.037625860245566169e-03
-4.599999999999999645e+00 -4.134377579757047769e-03
-4.650000000000000355e+00 -4.229823380992974759e-03
-4.700000000000000178e+00 -4.323839474930380941e-03
-4.750000000000000000e+00 -4.416302072546306190e-03
-4.799999999999999822e+00 -4.507087384817785175e-03
-4.849999999999999645e+00 -4.596071622721857770e-03
-4.900000000000000355e+00 -4.683130997235561248e-03
-4.950000000000000178e+00 -4.768141719335928543e-03
-5.000000000000000000e+00 -4.850980000000000396e-03
