-0.000000000000000000e+00 -7.203820002482848418e-10
-5.000000000000000278e-02 1.044281855360193217e-05
-1.000000000000000056e-01 1.894992106475413778e-05
-1.499999999999999944e-01 2.559617191843925247e-05
-2.000000000000000111e-01 3.048338235461170979e-05
-2.500000000000000000e-01 3.373691016777535936e-05
-2.999999999999999889e-01 3.550221048236034820e-05
-3.499999999999999778e-01 3.594093131590775955e-05
-4.000000000000000222e-01 3.522683841084617892e-05
-4.500000000000000111e-01 3.354178187414633567e-05
-5.000000000000000000e-01 3.107182503928232313e-05
-5.500000000000000444e-01 2.800356561267349796e-05
-5.999999999999999778e-01 2.452060791226866977e-05
-6.500000000000000222e-01 2.080010387866317259e-05
-6.999999999999999556e-01 1.700927448162114028e-05
-7.500000000000000000e-01 1.330185176180591489e-05
-8.000000000000000444e-01 9.814439663465290435e-06
-8.499999999999999778e-01 6.662868544144412776e-06
-9.000000000000000222e-01 3.938698310063637680e-06
-9.499999999999999556e-01 1.706089536907698304e-06
-1.000000000000000000e+00 -7.081029998804298947e-10
-1.050000000000000044e+00 -1.179018357798006099e-06
-1.100000000000000089e+00 -1.858387090409431201e-06
-1.149999999999999911e+00 -2.100156787754775679e-06
-1.199999999999999956e+00 -1.996024784634310091e-06
-1.250000000000000000e+00 -1.665747142855392003e-06
-1.300000000000000044e+00 -1.254216398855176931e-06
-1.350000000000000089e+00 -9.281579551638041159e-07
-1.399999999999999911e+00 -8.726587104886954069e-07
-1.449999999999999956e+00 -1.287675843025785491e-06
-1.500000000000000000e+00 -2.384592536934711056e-06
-1.550000000000000044e+00 -4.382810232603461473e-06
-1.600000000000000089e+00 -7.506309664023472909e-06
-1.649999999999999911e+00 -1.198008657592647022e-05
-1.699999999999999956e+00 -1.802637849509475962e-05
-1.750000000000000000e+00 -2.586064695492244097e-05
-1.800000000000000044e+00 -3.568735999166618221e-05
-1.850000000000000089e+00 -4.769572055121672552e-05
-1.899999999999999911e+00 -6.205558849435525840e-05
-1.949999999999999956e+00 -7.891392265183650541e-05
-2.000000000000000000e+00 -9.839209999999938615e-05
-2.049999999999999822e+00 -1.205844338967387521e-04
-2.100000000000000089e+00 -1.455581096611059655e-04
-2.149999999999999911e+00 -1.733545993938248782e-04
-2.200000000000000178e+00 -2.039924402168533481e-04
-2.250000000000000000e+00 -2.374710986175759418e-04
-2.299999999999999822e+00 -2.737755299657698097e-04
-2.350000000000000089e+00 -3.128809929505660891e-04
-2.399999999999999911e+00 -3.547576921194190466e-04
-2.450000000000000178e+00 -3.993748824633896089e-04
-2.500000000000000000e+00 -4.467041567225958089e-04
-2.549999999999999822e+00 -4.967217293858047821e-04
-2.600000000000000089e+00 -5.494096188097311560e-04
-2.649999999999999911e+00 -6.047557063087021781e-04
-2.700000000000000178e+00 -6.627527207051489479e-04
-2.750000000000000000e+00 -7.233962637379456103e-04
-2.799999999999999822e+00 -7.866820596590461774e-04
-2.850000000000000089e+00 -8.526026802983104622e-04
-2.899999999999999911e+00 -9.211440572514424533e-04
-2.950000000000000178e+00 -9.922821322663239081e-04
-3.000000000000000000e+00 -1.065979999999999359e-03
-3.049999999999999822e+00 -1.142185852804388510e-03
-3.100000000000000089e+00 -1.220831944005558748e-03
-3.149999999999999911e+00 -1.301834656617369178e-03
-3.200000000000000178e+00 -1.385095622357601468e-03
-3.250000000000000000e+00 -1.470503709452416043e-03
-3.299999999999999822e+00 -1.557937610649530197e-03
-3.350000000000000089e+00 -1.647268727074129979e-03
-3.399999999999999911e+00 -1.738364057223883456e-03
-3.450000000000000178e+00 -1.831088850877170401e-03
-3.500000000000000000e+00 -1.925308857451960703e-03
-3.549999999999999822e+00 -2.020892070860107106e-03
-3.600000000000000089e+00 -2.117709936391320123e-03
-3.649999999999999911e+00 -2.215638033797830662e-03
-3.700000000000000178e+00 -2.314556283739331241e-03
-3.750000000000000000e+00 -2.414348744466604871e-03
-3.799999999999999822e+00 -2.514903075676972691e-03
-3.850000000000000089e+00 -2.616109750203461995e-03
-3.899999999999999911e+00 -2.717861093836215509e-03
-3.950000000000000178e+00 -2.820050230071886183e-03
-4.000000000000000000e+00 -2.922569999999999335e-03
-4.049999999999999822e+00 -3.025311917754304990e-03
-4.099999999999999645e+00 -3.128165209479168846e-03
-4.150000000000000355e+00 -3.231015970151108162e-03
-4.200000000000000178e+00 -3.333746460387691790e-03
-4.250000000000000000e+00 -3.436234557423982656e-03
-4.299999999999999822e+00 -3.538353372994169996e-03
-4.349999999999999645e+00 -3.639971056793025236e-03
-4.400000000000000355e+00 -3.740950816631824060e-03
-4.450000000000000178e+00 -3.841151202812051989e-03
-4.500000000000000000e+00 -3.940426720779151987e-03
-4.549999999999999822e+00 -4.038628848043663774e-03
-4.599999999999999645e+00 -4.135607533387455209e-03
-4.650000000000000355e+00 -4.231213243156888883e-03
-4.700000000000000178e+00 -4.325299586390625624e-03
-4.750000000000000000e+00 -4.417726495220159443e-03
-4.799999999999999822e+00 -4.508363861120110588e-03
-4.849999999999999645e+00 -4.597095438951129612e-03
-4.900000000000000355e+00 -4.683822744072038170e-03
-4.950000000000000178e+00 -4.768468603361218291e-03
-5.000000000000000000e+00 -4.850980000000000396e-03
