-0.000000000000000000e+00 -7.203819999999999635e-10
-5.000000000000000278e-02 -7.197680499999999855e-10
-1.000000000000000056e-01 -7.191541000000000075e-10
-1.499999999999999944e-01 -7.185401499999999261e-10
-2.000000000000000111e-01 -7.179261999999999480e-10
-2.500000000000000000e-01 -7.173122499999999700e-10
-2.999999999999999889e-01 -7.166982999999999920e-10
-3.499999999999999778e-01 -7.160843500000000140e-10
-4.000000000000000222e-01 -7.154703999999999326e-10
-4.500000000000000111e-01 -7.148564499999999546e-10
-5.000000000000000000e-01 -7.142424999999999766e-10
-5.500000000000000444e-01 -7.136285499999999986e-10
-5.999999999999999778e-01 -7.130146000000000206e-10
-6.500000000000000222e-01 -7.124006499999999391e-10
-6.999999999999999556e-01 -7.117866999999999611e-10
-7.500000000000000000e-01 -7.111727499999999831e-10
-8.000000000000000444e-01 -7.105588000000000051e-10
-8.499999999999999778e-01 -7.099448500000000271e-10
-9.000000000000000222e-01 -7.093308999999999457e-10
-9.499999999999999556e-01 -7.087169499999999677e-10
-1.000000000000000000e+00 -7.081029999958824914e-10
-1.050000000000000044e+00 -4.920277697849999277e-06
-1.100000000000000089e+00 -9.839847292700002672e-06
-1.149999999999999911e+00 -1.475941688754999251e-05
-1.199999999999999956e+00 -1.967898648239999591e-05
-1.250000000000000000e+00 -2.459855607724999930e-05
-1.300000000000000044e+00 -2.951812567210000270e-05
-1.350000000000000089e+00 -3.443769526695000609e-05
-1.399999999999999911e+00 -3.935726486179998916e-05
-1.449999999999999956e+00 -4.427683445664999255e-05
-1.500000000000000000e+00 -4.919640405149999595e-05
-1.550000000000000044e+00 -5.411597364634999934e-05
-1.600000000000000089e+00 -5.903554324120000274e-05
-1.649999999999999911e+00 -6.395511283604998580e-05
-1.699999999999999956e+00 -6.887468243089998920e-05
-1.750000000000000000e+00 -7.379425202574999259e-05
-1.800000000000000044e+00 -7.871382162059999599e-05
-1.850000000000000089e+00 -8.363339121544999938e-05
-1.899999999999999911e+00 -8.855296081029998922e-05
-1.949999999999999956e+00 -9.347253040514999262e-05
-2.000000000000000000e+00 -9.839210000000002312e-05
-2.049999999999999822e+00 -1.467714949999998327e-04
-2.100000000000000089e+00 -1.951508900000000759e-04
-2.149999999999999911e+00 -2.435302849999998855e-04
-2.200000000000000178e+00 -2.919096800000002372e-04
-2.250000000000000000e+00 -3.402890750000000467e-04
-2.299999999999999822e+00 -3.886684699999998563e-04
-2.350000000000000089e+00 -4.370478650000000995e-04
-2.399999999999999911e+00 -4.854272599999999091e-04
-2.450000000000000178e+00 -5.338066550000001523e-04
-2.500000000000000000e+00 -5.821860499999999619e-04
-2.549999999999999822e+00 -6.305654449999997715e-04
-2.600000000000000089e+00 -6.789448400000001231e-04
-2.649999999999999911e+00 -7.273242349999999327e-04
-2.700000000000000178e+00 -7.757036300000001760e-04
-2.750000000000000000e+00 -8.240830249999999855e-04
-2.799999999999999822e+00 -8.724624199999999035e-04
-2.850000000000000089e+00 -9.208418150000001468e-04
-2.899999999999999911e+00 -9.692212099999999563e-04
-2.950000000000000178e+00 -1.017600605000000200e-03
-3.000000000000000000e+00 -1.065980000000000009e-03
-3.049999999999999822e+00 -1.158809499999999748e-03
-3.100000000000000089e+00 -1.251639000000000137e-03
-3.149999999999999911e+00 -1.344468499999999875e-03
-3.200000000000000178e+00 -1.437298000000000481e-03
-3.250000000000000000e+00 -1.530127500000000003e-03
-3.299999999999999822e+00 -1.622956999999999742e-03
-3.350000000000000089e+00 -1.715786500000000348e-03
-3.399999999999999911e+00 -1.808615999999999870e-03
-3.450000000000000178e+00 -1.901445500000000476e-03
-3.500000000000000000e+00 -1.994275000000000214e-03
-3.549999999999999822e+00 -2.087104499999999953e-03
-3.600000000000000089e+00 -2.179934000000000559e-03
-3.649999999999999911e+00 -2.272763499999999864e-03
-3.700000000000000178e+00 -2.365593000000000470e-03
-3.750000000000000000e+00 -2.458422500000000208e-03
-3.799999999999999822e+00 -2.551251999999999947e-03
-3.850000000000000089e+00 -2.644081500000000119e-03
-3.899999999999999911e+00 -2.736910999999999858e-03
-3.950000000000000178e+00 -2.829740500000000464e-03
-4.000000000000000000e+00 -2.922570000000000202e-03
-4.049999999999999822e+00 -3.018990499999999778e-03
-4.099999999999999645e+00 -3.115410999999999354e-03
-4.150000000000000355e+00 -3.211831500000000665e-03
-4.200000000000000178e+00 -3.308252000000000675e-03
-4.250000000000000000e+00 -3.404672500000000251e-03
-4.299999999999999822e+00 -3.501092999999999827e-03
-4.349999999999999645e+00 -3.597513499999999836e-03
-4.400000000000000355e+00 -3.693934000000001147e-03
-4.450000000000000178e+00 -3.790354500000000723e-03
-4.500000000000000000e+00 -3.886775000000000299e-03
-4.549999999999999822e+00 -3.983195499999999875e-03
-4.599999999999999645e+00 -4.079615999999999451e-03
-4.650000000000000355e+00 -4.176036500000000762e-03
-4.700000000000000178e+00 -4.272457000000000338e-03
-4.750000000000000000e+00 -4.368877499999999914e-03
-4.799999999999999822e+00 -4.465298000000000357e-03
-4.849999999999999645e+00 -4.561718499999999933e-03
-4.900000000000000355e+00 -4.658139000000001244e-03
-4.950000000000000178e+00 -4.754559500000000820e-03
-5.000000000000000000e+00 -4.850980000000000396e-03
