  -0.0000		-5.81264e-10		-1.01376e-08		0e-3
  -0.0500		-5.80072e-10		-1.02149e-08		0e-3
  -0.1000		-6.11305e-10		-1.01713e-08		0e-3
  -0.1500		-5.82337e-10		-1.01722e-08		0e-3
  -0.2000		-5.78642e-10		-1.02276e-08		0e-3
  -0.2500		-5.95689e-10		-1.01314e-08		0e-3
  -0.3000		-5.71847e-10		-1.01823e-08		0e-3
  -0.3500		-5.87583e-10		-1.01843e-08		0e-3
  -0.4000		-5.91517e-10		-1.01542e-08		0e-3
  -0.4500		-5.92828e-10		-1.01638e-08		0e-3
  -0.5000		-6.06656e-10		-1.01097e-08		0e-3
  -0.5500		-6.07133e-10		-1.01773e-08		0e-3
  -0.6000		-5.71251e-10		-1.01523e-08		0e-3
  -0.6500		-6.18577e-10		-1.02125e-08		0e-3
  -0.7000		-5.81980e-10		-1.01784e-08		0e-3
  -0.7500		-5.97715e-10		-1.01616e-08		0e-3
  -0.8000		-6.37650e-10		-1.01542e-08		0e-3
  -0.8500		-6.06060e-10		-1.01793e-08		0e-3
  -0.9000		-6.08683e-10		-1.01728e-08		0e-3
  -0.9500		-6.03914e-10		-1.01678e-08		0e-3
  -1.0000		-6.34074e-10		-1.01587e-08		0e-3
  -1.0500		-6.88314e-10		-1.01916e-08		0e-3
  -1.1000		-9.10640e-10		-1.01829e-08		0e-3
  -1.1500		-1.43576e-09		-1.01353e-08		0e-3
  -1.2000		-2.99180e-09		-1.01408e-08		0e-3
  -1.2500		-7.48789e-09		-1.01418e-08		0e-3
  -1.3000		-2.03174e-08		-1.01650e-08		0e-3
  -1.3500		-5.70607e-08		-1.01244e-08		0e-3
  -1.4000		-1.58073e-07		-1.01117e-08		0e-3
  -1.4500		-4.21482e-07		-1.01472e-08		0e-3
  -1.5000		-1.04662e-06		-1.01407e-08		0e-3
  -1.5500		-2.35416e-06		-1.01682e-08		0e-3
  -1.6000		-4.73579e-06		-1.01548e-08		0e-3
  -1.6500		-8.59332e-06		-1.01451e-08		0e-3
  -1.7000		-1.42484e-05		-1.01260e-08		0e-3
  -1.7500		-2.19523e-05		-1.01231e-08		0e-3
  -1.8000		-3.19359e-05		-1.01233e-08		0e-3
  -1.8500		-4.43043e-05		-1.01662e-08		0e-3
  -1.9000		-5.98550e-05		-1.01668e-08		0e-3
  -1.9500		-7.72953e-05		-1.01691e-08		0e-3
  -2.0000		-9.72509e-05		-1.01564e-08		0e-3
  -2.0500		-1.19925e-04		-1.01676e-08		0e-3
  -2.1000		-1.45257e-04		-1.01600e-08		0e-3
  -2.1500		-1.73175e-04		-1.01898e-08		0e-3
  -2.2000		-2.03586e-04		-1.01526e-08		0e-3
  -2.2500		-2.36869e-04		-1.01302e-08		0e-3
  -2.3000		-2.72703e-04		-1.01715e-08		0e-3
  -2.3500		-3.11160e-04		-1.01789e-08		0e-3
  -2.4000		-3.52132e-04		-1.01401e-08		0e-3
  -2.4500		-3.95775e-04		-1.01949e-08		0e-3
  -2.5000		-4.41909e-04		-1.01475e-08		0e-3
  -2.5500		-4.90451e-04		-1.01887e-08		0e-3
  -2.6000		-5.41615e-04		-1.01438e-08		0e-3
  -2.6500		-5.95367e-04		-1.01660e-08		0e-3
  -2.7000		-6.51336e-04		-1.01682e-08		0e-3
  -2.7500		-7.09963e-04		-1.01343e-08		0e-3
  -2.8000		-7.70783e-04		-1.01782e-08		0e-3
  -2.8500		-8.33845e-04		-1.01625e-08		0e-3
  -2.9000		-8.99649e-04		-1.02049e-08		0e-3
  -2.9500		-9.67574e-04		-1.01880e-08		0e-3
  -3.0000		-1.03782e-03		-1.01805e-08		0e-3
  -3.0500		-1.11049e-03		-1.01180e-08		0e-3
  -3.1000		-1.18536e-03		-1.01407e-08		0e-3
  -3.1500		-1.26231e-03		-1.01514e-08		0e-3
  -3.2000		-1.34158e-03		-1.01409e-08		0e-3
  -3.2500		-1.42287e-03		-1.01931e-08		0e-3
  -3.3000		-1.50656e-03		-1.01490e-08		0e-3
  -3.3500		-1.59215e-03		-1.01761e-08		0e-3
  -3.4000		-1.67979e-03		-1.01725e-08		0e-3
  -3.4500		-1.76961e-03		-1.01081e-08		0e-3
  -3.5000		-1.86111e-03		-1.01151e-08		0e-3
  -3.5500		-1.95407e-03		-1.01916e-08		0e-3
  -3.6000		-2.05009e-03		-1.01657e-08		0e-3
  -3.6500		-2.14711e-03		-1.01734e-08		0e-3
  -3.7000		-2.24550e-03		-1.02152e-08		0e-3
  -3.7500		-2.34572e-03		-1.01817e-08		0e-3
  -3.8000		-2.44710e-03		-1.02203e-08		0e-3
  -3.8500		-2.55007e-03		-1.01850e-08		0e-3
  -3.9000		-2.65358e-03		-1.02025e-08		0e-3
  -3.9500		-2.75799e-03		-1.01368e-08		0e-3
  -4.0000		-2.86341e-03		-1.01851e-08		0e-3
  -4.0500		-2.96926e-03		-1.01790e-08		0e-3
  -4.1000		-3.07537e-03		-1.02160e-08		0e-3
  -4.1500		-3.18196e-03		-1.01919e-08		0e-3
  -4.2000		-3.28808e-03		-1.01734e-08		0e-3
  -4.2500		-3.39465e-03		-1.01777e-08		0e-3
  -4.3000		-3.50075e-03		-1.01579e-08		0e-3
  -4.3500		-3.60661e-03		-1.01752e-08		0e-3
  -4.4000		-3.71244e-03		-1.01789e-08		0e-3
  -4.4500		-3.81694e-03		-1.01320e-08		0e-3
  -4.5000		-3.92214e-03		-1.01762e-08		0e-3
  -4.5500		-4.02657e-03		-1.01658e-08		0e-3
  -4.6000		-4.13013e-03		-1.01560e-08		0e-3
  -4.6500		-4.23329e-03		-1.01454e-08		0e-3
  -4.7000		-4.33604e-03		-1.01205e-08		0e-3
  -4.7500		-4.43797e-03		-1.01546e-08		0e-3
  -4.8000		-4.53963e-03		-1.01711e-08		0e-3
  -4.8500		-4.64036e-03		-1.01755e-08		0e-3
  -4.9000		-4.74056e-03		-1.01916e-08		0e-3
  -4.9500		-4.84036e-03		-1.01672e-08		0e-3
  -5.0000		-4.93921e-03		-1.01577e-08		0e-3